608 ιιι 11111111 1000111111.

(0101110) (01011110)
(de orat. 1) 31, 148 1151 pro Deiot. 3, 8 11339
11131 11110 111 100

11 3,10* 11119 dedomo 11111 15, 40 11403

1111 11101 . 111111 11113

55,114 11555 pro Flacco 15, 59 ’ -. 11330

80, 316-318* de har. resp. 3, 6 11 110

7,14 11330

de imp. 011. Ροιιιξ.

11415
111 4,16* 1111
41107* 190

46, 180 1113, 1911.

58,118’ 1381. 401

num, AD mamm

1119,19 1116
14,38*.15,39*ι417
11141110111 3,8 1105
’ 6,14 11316
10, 15 11436

13, 31 11 141, 1311.
1111, 51 11401
11,51 11403
13, 56 11316
36, 91 11403
11 4,9 11330
118, 49 11401
113,7 11401
3,9 11319
4,9 11403
6,16 11319
7,18 11131
7,19 11319
1118,11 11403
11111,1 11316
1111,1 11401
1,3 11403

116,14*. 15* 1131501403

1111 8,11 11 1601611.

11333
delogeagr.u 13, 31 11 337
’ 33, 91 ›11363
pro Lig. 4,11 1131818
513111. 9,17 11 330
pto Marc. 1, 7 11319
’ 6,17 11404
10, 31 114, 3111.
pto Mil. 1,6 11409
13, 33* 11496 cf. 196
13, 63 11551
31, 86 196
37,101 11353
38104* 11419
pro Mur. 1,4 11145
910* 11119
111 Pis. 1,1sq.* 11316
7,15* 11311
10,13. 14, 31. 19, 43
11330
16, 61 11353
· 17, 64* 11165
pro Plane. 4,11 11551
8,11 171. 11340
9,11 11341
11, 18 11314
19, 48. 10, 50
11319

1111 11, 15
1130
17, 36*
pro Balbo 14, 31*
11111
1118*
pro Caec. 1,1

11118
11313
11405
11347. 353
11330
1111
11119

’ 11111·
11,οο
11, 11·

11311-317
11314
11313

36, 87103 11317

36, 89*
post rod. ad fag).

11 333

11116

1111 11311
pro Cael. 1, 3 11319
1,1 11131

1111 1111 18 11310

in 011111 1, 2⁸ 11 550, 1111. 6,13.10,15’ 11403
1,5 11553 10,16 11404

1, θ’. 3,6*. 3, 7* pro Quinct. 111 167

11 5501111. 15, 49 11131

11, 30* 11 553 pro Rab. Post. 8, 11 1 171

13, 31 11554
111,3* 11549

ιν 1,1 110

10, 11 1105
proCluent. 61, 171 11351

4, 10 11131
1,111 nmmo
11016106. in 1011.

8, 22 11313
11,11-11,11*
1131701330

1110301011111, 19 11481, 185.
17,49 13311555

 

