888

Τ. 111va
· 13

48, 7
88, 1

11 17,1
38, 8
48, 7
48, 8*

ιιι 8,1
8, 18*
7, 8
13
88, 7
38, 8
88, 8

1114, 8*
18, 1

· 48, 18

ι· 83, 7

38, 4
48
81, 3

ιι 8,18
80, 18

111 1
8, 4

ΙΠ. mmlx Locomm.

(r. ΙΙ111118)

188 (1111) 87, 8 ιι 188
ι 388 80 ιι 47

1 881, 1011. 81, 8 1488
1488 81, 10 1 484
1188 xxm 17, 10 1487
1483 18, 8. 83, 8 1 484
ιι 30.100,87 34, 4 1 480
1180, 8111. Ι 87, 8* 1488
ιι 837, 311. ι 48,18* 1 141
ιι 38 mv 4, 4 1488

111111 1111181 1111
1138 11, 11 1111
188 88, 8 ι 484
1 80, 1811. 48, 8* 1488

1487, 8011. 48, 7 1 488

1888
1487, 8011.
1487, 8011.
1180, 8111.
ιι 87

ιι 183

1487
’1888

ιι 87

1884

xxv 7,11
14, 8*
14, 11
18, 18*. 18, 18
88, 18
88
38, 18
38, 18 ·
33, 7
xm 7, 8*

1 480
1 488
1 480
1 483
1 488
ιι 37
ι 488
ιι 118
1 484
1 488

18, 8 ιι 888 8, 8 1484
83, 8 1488, ln. 18, 3* 1 488
86, 4. 88, 18 1884 18, 17 1488

aa, 1·
111, 18

vm 3, 4. 10, 7

84,18
11 88,1
x 7,8

1111181

88, 8
38, 18
40, 18
ιιι 13,8
88, 1
88, 3
88, 8
38, 10
48, 4
80, 7*
80, 8
88, 11*
88, 1
81, 1*
1111 7,14
14, 14
80, 8
38, 13
88, 3
33, 8
83, 18
88, 7

11130 18,4 138
11188 17,18* 1480
1884 M· 1468
188 87,18 1488
1817, 8311. 88, 7 1484
ι 487 88, 10* 1 488
11 138 88, 88* 1 488
1188 41,14 1488
1817, 8811. 48, 8 1481
1488 nvn 1,14 1484
1484 8,8 1484
1488 8,8 11 38
ι487 10,8 1480
1144 18, 10. 18,7 1488
1488 17,8 1488
1448 80, 8* 11 887, 811.
1488 88,8 1480
1488 88, 8* 1484
1481 88, 10* 1487
1488 88, 11 11 888
1488 34,7 11180
1488 388111. 40,1 11881
1488 40,8 11883
11 188 40, 4 11 488
1488 40,8 11881
1487 48,10 1148
188 43, 8-10 11881 '
1488 44, 8-4 11 888
1488 44, 8* 1448

 

