610 111. INDEX Locomm.

(61111118) (omnm)
(eat. mai.) 7, 24 11164 (de leg. 1) 16, 44* 11666
7, 26 11410 22, 68* 11326
11, 36* 11196 26, 61 1161
17, 61 11 316 11 1,6*.2,41(1.* 11 647
19, 71* 11201 3, 7 11 432
8ο,11’ 1881811 1, 8· 1111811111
do divin. 1 16, 29 11 246 4, 10 11323
26, 66 11364 6,11 11366
64, 123 11160, 1611. 6, 14 11364
11 16, 30* 1416 cf, 64 7,18 11 160
13, 43 11116 8, 19 141
26, 67* 1403 9, 21* 1134 cf. 41
3888 11123 1888 1118
46, 97 11113 16, 33 192
72,160 11362 18, 46 11429
38611.11,2* 1143 2 22,66 11418
3, 9 11 409 22, 66 11360
3, 10 11410 92, 67* 1 141. 11418
4,11 172 23, 63* 1163681413
6, 17 11 664 26,69.24,6011419
618811* 1134481369 24, 61 11418
20, 66 11339 , 26, 62 11416
11 1, 2* 11332 26, 63 11418
1818 11181 1 1881 11418
22,71*.62,106* 190 26, 66 11416. 426
1112,9 1160,411. mm. 11418
16, 49 11349,1611. 111 9, 19* 1 219
lv 12, 30 11143, 1811. 10, 24 1 172
17, 46 11340 16, 34 1 70
20, 66* 11 339- 341 1181181.11801.18,90.10,26 11 126
21, 68 11 333 16, 40 11 349
21, 60 11340, l. 6. 31 20, 64 11 108
26, 63* 11334 24, 88 11 126
26, 72 1 160, 411 26, 69 11346
27, 76 11 366, 608, 3611. 33, 91 11124
111113 11841 88188 1118
6,17 11340 36, 101 11128
1848811. 11133 ᾗ 119,24 11130, 1911,
1181· 1818 11881811 1480
24, 69* 11337. 647 34, 88 11 130
28, 84 11334 ¹ 46, 118 11127
80, 91 11364 ’ 61, 126 1460
30, 92 11830 66,1408(1.*1160.168,29
32, 96 11363 111 6, 16 11173, 16
1111168118. p. 64 Pl. 1146 i 14, 37 11 127
1881. 1,1 11 409 i 16, 40 1 66
3,11 11313 Ι 26, 66-26, 63* 134
11, 81 11340 ῑ 181111. 188
26, 92 11360 29, 72* 1 83
deleg.11,l 11434,66 3280811. 11160
1, 3* 11 270 34, 84* 11 336
18 11403 81, 90 1118
4,14 11 434, 36 de offic. 1 2, 6* 11612
6,18 172 ¹ 6,16 11388
6,19 11366 ¹ 13, 39 1147, 711.
7, 21 11234 17, 64* 11339
11, 18 11818 1111 1111)

 

