620

(1111111119)
(nat. 11 1) 60
649113

ΠΙ. INDEX LOCORUM.

11 673
1 344

3,168-166”Ι 1837
1341,3011. 4011001).

163
184
336
363

1 343

1 335, 36
1143, 411.

363-364* 1318

376*
388

6, 81-83
100911.

6, 89*

7, 116

168, 311.
1176
1803
11673
11673
11433

8,1-3.48911. 86911.

epist. 1 1, 99-19·
99. 91
119

69911. 1143. 46. 46, 36

9, 99

111

6, 38911*

1, 99-91
67

10,16911.’ 167 cf. 11431

34-41*
14, 33-36*
16, 13
16, 33

44 911*
17, 14. 16*
18, 13

40

87-95'

98911.

111
19, 3

11

16*

11 1, 33
63
187
360911.
363

3, 30911.
93
98
133-186
146
306911.
3111
(a. poet.) 3, 89-91*

340
363*
369
400

11 671
1 343
1 340
1 344

11 673
11433
1 388
1 340
1 60

1 334

1339. 341·
1441,1111.

1 176
1 344
11 673
1 343
11 136
1 338

1111111.

1 176
1 338
1 341

1 168, 1311.
1 66, 3911.

11431

1441,1111.
11136,1711.
166, 3911.
1340. 366

i 106

(1191111119)
(epist. 118) 416 11 136
419-431* 1343
446-460 161

16911111. 114, 73’. 76* 11619911.

PORPHYRIO
in 6111111. 114, 78’
sut. 11 3, 60·

Hmmus
fab. 88

11619
193

1417, 8311.
1406,13
1417, 34
11 116

137. 184
186 extr.

Η1111119 1911111119
63-67 (91113161. p. 439 1191631*
11333
1119111111 1111111111 10111191
7383611161) 1407, 31
1196111) 11460911.
130 (111) 1417,3311.
14601111) 190,10
199 (1111119 197
16691111. (1911)* 141
189---193(911)’Ι 166
1619111119
eleg. 3, 3911. ng.⁴ 11610, l
6911. 1304, 3811
Imus
ἷ 91. 4,19
1 643

Ι Ismenus
, orig. 111 3, 36

11496,3311.
1316, 1411.

11 496
’ Inuus 111119 m'de Valerius Maximus

1119111119
epit. 111 7,6
1 6,10
10,8 11109
111111,11.8,18.7,4.911109
xx 6,4 11 109
mv 6, 8 1 106, 311.
xm 8, 7 11 60, 3311.
6⁸ 1149
n 116

11109
11 130

11111 1,13

11136,811. ἕ 1111111119

1344
1340
11363
1340
1176
1136
11348
167

1341
160

ξ 132-141·

Ι

, sat. 1 33-30’ 1330

1 339

1 337, 711.

11 14-31* 1339
36-47’ 1343
73 1 344

111 60-119* 1336911.
140911. 168-166’ 1343
161-167* 1337

184 1 348

136

 

