602 111. 1111111 1010111111.

(mammas) (111111111111111)
(Lysim.) 191 11976, 311. (Pax) 1198 1977
ν 804* 1490, 98 1991 19793111.
367 1440 1990 1 979
11111. 1111 Ι 1111. 111 1111
484-487’ 11968 Ι 505qu 11619, 1611.
489 11443 ³ 684 1176811.
677, 686 11 306 664 1 916
696 11 809 976111. 1 136
798-780. 991111. 970111. ⁸ 1045sq. 11438
11488 1076 11973
978-977· 11999 1036 11309
1046111. 11963, 1711. 1111111 1988
1177111. 11438 Ι 68-70 1999111987
16116186 11976 Ι 76 1916
918 11443 1 111 1987
386 11301 Ι 118 11 930
349. 366 11 448 Ι 13811111. 1 907
367111. 11437 Ι 146-153· 1 966, 9911.
876. 336 11443 166-169· 1936111.
663“ 1 966, 9611. 178111. 1 987
664 11443 179-184* 1989-938
746 1977 189 1907
769-779 11443 202-205· 11306
739 11 809 966 1 939
860 1971 973 1988
847 11976 976. 319 1 907
870-879 11989 488 1988
88911111. 11988
903. 940 11443
1007* 11986, 1011.
1096 11983

473 1440
610-616 1 10, 311.
699 11488
636-640· 11308
1198 11618 64011111. 1967
1989111. 11437 677 1987
19641996 19793111. 708 11306
1389111. 11978, 1711. 888 11306
1386111. 11439 866 11976
1338 1979 899111* 1967
1377-1380 11978,1711.
1468111. 11989

1483 1961,9311.
Pax 16 11 979, 9011.
62 1441 Ι

803 139
911qu 11809
939]ι 936 1966
937-964· 1966. 968.
969,19
964-967’. 967-970

1967
971-991* 1963
643111. 11984 990111.1974,1711.11986
698-630* 11978171. 1006-1003”11969

cf. 1977 1016 11309
639 11808 1096 1986
683686 1974,1711. 1066 11998
710111* 1973 1069 1967
973 1977 1074 1983
1649 1976 1078111. 1990
1066 1 977 , losa-1088· 11 306
1079 1969,1411. J 1161-1169*1969,1611.

910 11976
381 11866
406 11938

1140-1163· 1989 Ι 1190-1199 1979
1177 1966 1909 1988

 

