636

(murus)
(Poen. m) 1,63-68 (bem-571?
11422
3,22(641)11. 11523
3,83(202) 11524
112,13(835) 1222
12,11(321)11). 11524

⁴ 4‚14(1187)sq.1176,25n.

6‚29(1366)sq.u414
Pseud. 1 3, 24 (254) 111311 520
3,84(318)4q. 11622
111119) 11111
4,12(410)1(11).11416
1112,82(822)* 11521
11111-111111-1111)
11433
1111. 1111111) 11111
111111)
11111111) 11111
1111111) 11111
111 1,11(111)111.·ιι111
1,11-11(111-11ο) 191
3,46(’884)’ 11521
118,11-14(1223-1228)
11488
11111111) 11111
11111111) 1111
Stich. 11,211.3(21).3)11622
1‚9(9)4qq. 11111
2,25(23)* 11322
111 1,31 (435) sq. 11414

1v 233 (619) 11540, 3411.

. Trin. 12‚87(124)sq.⁸ 1113
2,94(144) 1104
2‚123(160)sq 1111

111,12(243) 1130
11111111 111
1,34(220)’ Ι1123
1111111111111)

1142
1111111111 1111
4,.48(443)11) 1142
1,91(111) 1111
1,·1111111) 1111,
11111111) 1111

n 260, 3011.

1111,2(608)1(1.11322 - “

1,11(111)
11111111)
ν1,31(1111)·11111

Truc 1118 74)sqq·158
11228 283)11) 11524

11153

(
1Ξ11Ξ1ο1) 11111
1

11111 1111)*
1,11 111)
Ρ11111111 mon

11 523
11 353

111111111111111. 24 11 333, 3611.
33 11335,3311.

143 1412

1111111.

m INDEX LocoRUM.

(21111111 1111111)

(nat. 11111.) 11213 11138
11111123* numen.
1111123 143, 3211.

11111115 11410,2311.

2111111 1111111

epist. 1 13,4
11 8,4

11 228
11 228

Ρ1111111111111

1111111231 (111 aud. 111113)
431 (111 111. 111111.ι ι1213
11563
5310111311. 13) 11 533
8811. 831) (1111111111 5111.)
1131111111). 1111111111. 22)
ll5d(ibid.)⁸ 11111
23311 (apophth. 111111 12)
3321 (de 14 1101111411
’ 185. )11521
40411 (11121111 11. 20)
4141 (de def. or. 1131) 663
11135
4123611111. 23) 11563
1111111111) 11111
4391111 virt. doc. poss. 3)
111111
43811(11111111). ira 10)⁸
4381 (111 11111111111111911·
11111111) 1: ‘1³33
41211(ἰ11111.20)* 11 192
11111131111111)
3141)(1113. 22)* 11111
5131 (1111111111. 9)* .
2921 (an 11111 1. 3111ξέ0. 12)
1911111111) 11111
31111111. 19,4 1441
20,4 11384
24,4 115
24,5 1143
13,2 1138, 3511.
’ 32,2 184
Fab. 1111. 3,2.2 11383
111 11111.
Num. comp. 4,5 1146
Pelopid. 28,2.33,411533
Ρ11111. 3 11335
12 11386

Coriol.

 

