616 11 11111 1010111.

(3111111111) (nummus)
(Hippol.) 836qu 1427,1311. 91111.) 12961111). 1116
899111 1068111. rest. 73 1326
11 266 . 146 sq. 11 610
111111. 11111111. ξ 111111· 111111
1338-1341 11 79 · 266111. 1 382, 1711. 363
8111. 29111. 11241 ι 269’ 1164
607 1199,2911. j 260sq. 1382
680 11366 ; 270 11 76
796 1117, 711. 1 392-400 1402
943 1142311 3961111). 1 382, 171
Iph. Aul. in. 1409sq. 401-404 11493
1-6* 1413 j 424 1162
6-11* 1414 440-442· 11280
1-11 1111 ξ 111-111.1111-111
33 1170 1166
11 1111 ³ 1111111111) 1111
126 1326 5 616 11366
139111. 1413 614 1326
166-163 1410 F 643sqq.⁸ 11 189211
360qu 1 81 f amq! 11 263, 1711.
44611111. 160.106,6 Ι 6741113 11168
111-111 1111 ) , 111 1111
734 11 7 ζ 1021 (1022) - 1176
816111. 1424 1036-1039* 11189
sab-837* 11441 · 114711). 11164611.
966-968’ 164 1163111. 11168
1036 1416, 811. 1300 1161
1166 1428 1 1849 1 384

111111. 1111 Ι 111111. 111111.

1333-1336 1408 Ρ110611.86-37,46-4711166
1447- 1460 (1448-1461) )) 73 11992311.
1409 ε 141-144* 1164
1460(1461) 12621411.) 190 11162
1476111. 1 100 ¹ 298 sqq. 11469
Iph. Taur. 77 1178 303 1 2021111.
111 1111111 111111. 1111
266111. 1423 5 402 sq. 1170,2611.
286-287 1 382 ξ 496111. 11 6
369111. 617-624 ἱ 663111. 11 263
11631111. Ι ·34sq.⁸ 11269
826 11 19 “ 878* 1220
842-844 11 17 · 9671111, 11 70
1111-1111 11111 ¹ 1111 11111
1364111113 11173178 , 1328 1164
. 36 11266 , 1336-1337 11277,3811.
11 1111111111.ἶ 1111-1111 1111
214 137 ἱ 1368 1164
362111. 1 38 1491* 11 608
111-111·. 111111. , 11111111111 11111111
136111. - Suppl. 2llsq. 11266
616-619 116 “ 396497· 1164
807 11 7 ἶ 426-428· 11 267
1010 11266 ἰ 440 1161
1068 13762011. , 450—465· 11163
1076 1 384 479. 608 1161
111111. 11111111. ¹ 111 1111
1269 ⁴ 1199, 2911. 840-842* 11267

 

