642 111. 11111111 ιοοο111111.

(Taunus)

(Eun.) 11 2, 16 (246) 192
8, 44 (836) 1221
111 1, 28 (418)·(1. 11467
1η88

1v 8, 6 (744) 11 408

v 4, 21 (948) 11467

1111116111.

1 1, 23 (76) 1482, 611.

11 3, 28-86 (289-276)2

1 109

3, 128 (869) 11820

111 1, 29 (438) 1222

1, 42 (461) 1109
2, 44 (666) 1221, 1011.

η11ω1 161
Hm 11161) 16

111 8, 20 (880) 140
Phorm.11 3, 21 (888) n 666
111 2, 41 (626) 189
ιν 8, 82 (667)’ 1 106, 8811.
6, 12 (724) 167
v 6,18 (868) 11226
8, 88 (931) 11408
1168) 18161
ὩΟΝΔΤΗΒ
in Ad. prol. 10 (10)ΙΙ 198
111 8, 32 (886)11).“ 1416
81161.114,7(410) 11408
Eun. praef. 1 6‘ 1218, 36
1 1,1 (48)’ 121611.
1181 111

21111111111111
contra 311611. 1 11120

hunnus vide An'stoteles

, ’1110611111
id. 148 1172
105qu 121
116-118* ’ 11642
184* . 11640,19
11 34 11 229, 911,
8411). 1311
108111). 11181
126 121
169-162 1897
111 18-20· 121
6811· 1110111193
118 1287,111.
v 28 sqq! 11189
94 1218
1116 11188811,
11* 11188
41 11181
bouq. 11180
72-77’ 11 18011).
usq. 1 801, 28. 11 281

11648, 311. ⁸

(2116611111)
(11111) 11111· 111

xl 1-8‘ 1446

6 11 186, 811.
1η. 11111
4011). 1 488
66 121
80 tq! 1 448

xu 1-9· 1297-881
8qu 11180. 198 cf. 181
19 11 18
27-37’ 111

xm ⁸1-65· 1806.810,11.11181

xxv 1 10

1-11· 1289-297.

1161211116
27 1298
89-42· 180811).
43· 1 19. 11188
4411. 1290
6711).2 1296
67-80’ 1 20
11111). · 1292
8 18012811.
16-17· 122
40 1287,111.
72 1296
w 1298,211.
77’. 126 1478
181-138 1298
11 228
1 294
1 811
11 19
1 310
1 808-806
1 806 -811
1 810, 81
11 612
· 68-67· 1807. 809, 80
91an 1468
104 122
1061113 1118661.1301,30
116-120· 11 14-20
m 69 1121
un 2611). 1811
167 11 17, 8411.
170 1810
xxxv 91-96 1897
106 1810
xxv 66 1294
117 1310
mx 81—41· 1296. 812
11181 11191811.

fr. Beren. 4 180610
Anam. xu· 116,5

nv 1291, 711.
xvn‘ 1808, 87

 

