514 111. 11111111 1010111111.

(8111111111) (8111111111)
(41161ο111.)884-887* 11194 (811111.)1080-1088 1868
703 1888 1088 1188
870 116 1168111. 11188
84811. 11 168. 877, 3811. 1804(1308)111. 1880
1088 11808 1387-1860 1180
1818 11 17 Hec. 80 n 188
1888-1887 11888 884111. 1117
. 800111. 178 · 870111. 11888
1064 1 188, 8811. 808-810 1 418
1888-1888 1174 888-841 11848, 8811.
1887. 1386 1 188, 8011. 804-606 1418
. 118(181) 1113 687111. 11880
868 1877 786-781 1418
84-48* 1878 788-788 1878
84-68* 1387-878 880 1888
84-76 1868111. 878, 84. 884-887 1480
377,11 888-878 1166 ,
77-81 1870 1018111. 11848
88 1440 . 1088-1087 11886
111-111 1111111111 1111111· 1111111111
874, 88 j 1080-1084· 11184
118-184’13701(1.878,86.“ 1088-1106 1117
11111 1111-1111· 11111
llsssq.⁸ 1 87811384 1840 1 188, 8811.
188-188 1371.878,861 18800878) 1113
14011111* 187887814. ΗοΙ. 1611]- 11188
378. 884, 88 188 11440
144-180· 1878 860-868* 11184
180 1878, 87 878 1170
181-188’ 1874111188 43811111. 11488
188-168* 1874 478 1488, 1411.
184 1440 halaq. 11 168, 1411.
188· 1440 ξ 868-873* 11488
888 1448 “ 888111. 11188
111 1111 ! 111 1111
111 111111 ) 111-111· 1111111.
408-418 1388 814-817 1810
480-481 1368 884-886· 1373
488-487 11888 1871 1171
484 11 78 1687 1487
487-808 1368 , Η1111118.4631(].’ 11880
808 (806) 1 808 · 4881113Ι 118, 1311.
808-888 1 868 , 880111. 11 886
871 1888 874-876 1161, 811.
878 1884 748111. 1188
111-111 1111 1 1111111· 11111111.
768-768“ 1164 , amq. 1168
788 (78811111. 1886 . 20⁸ 1171
870 1440 Ι 38. 47 1188
880-889 1388 1 68 1168
880-888 1888 71111 1111811188
888(800)1(1(1.· 1888 73-78 1168
814111. 1188 81111. 11888
068 11 78 , 108111. 11 868111.
1011-1080 1388 140-148* 11887
10181111. 11168 · 171 1188
1041-1048 1881 · 808 1171

 

