(01111111)
mwww

130
186-142*
14611111.
148⁸

149

166 .

166

164 1
186
171-176”
178111.
184*
18811.
208
212-‘214‘
216

282

284

111. INDEX LOGORUM.

11 286 sq.
261, 32. ef. 1368
11 247
11 24611219
1416, 87
11 44
11 641
11 249
11 247
1 883
u 247
11 242
1 460
1 119
11 249
11 217
11 240
11 228
11 249
11 247

11-1111111111

269-277*
314
834-836’
350⁸

1111 21
90
46
60
86*

11111 31*

111111 6

18
20*
46
64¹
82
89111·
92*
98*
97-100*
106
10811.
142
149-160*
162
169
169

11 18611217
11 260

1 460

11 240

1 882, 211.
11 268
1111, 17

11 241

1 441, 1111.
11 248

11 249

11 268

11 219

11218
1141
11219
11419

11 21711248

(0111111111)
11111 1
1111 7
20-22
11111 2
6111.

W

11218
11218
1399
11218
1166

111111 3-6* 11 227. 238, 81

111111 8*
1111111 1
11111111 1. 8

111111 1
1111 2 4

11264
11217
11217
11 218
11 140, 2411.
11217

1111 1⁸qu 1146 ef. 419, 1111.

1111Ξ

10
14
1 6

114
6

cm 2. 4
111 2
1111 8
111 8
1111 11

' 0111111111

11 227
11 218
11 219
11 227
11 217

1 868
11 217
11 217
11 226
11 226
1 98
11 248

111 gr. p. 48,2οΚ. 49,11 11 467, 8411.

ww
ww
&w

ΜΨ
ιω
mm

ἱ 888111. 184,121(11.
Ι

11 48611,
11 888
11 886

11467, 8411.
11421
11338
1127, 2611.

mwmwmw

mffiw
enonnonoscns

11 838

112170f343 in Theodos. 1111. 1 p. 166, 60*. 164*..

11261
11419
11228
11261
11219
1174

11210.224,18

19211 224, 18
11 226

11117111. 124, 8211. 11218

111 Isq.
11111 leq.
mv1 7111. .

17-22*
111111 8

9111.
1111111 8111.

11232

11232

182, 87
1110 cf. 11 248

11219

11218

11218

1111113.
m
1111111·

0111111
Brutus 16, 67-69’
1w
mm
mm
ww
ww
de invent. 11 6,19*
orator 18, 68
Qm
41, 140
70, 288

l de orat. 1 18, 69
mm

11176,3311.
11176, 11
11 176, 8811.

168. 90

11 186

11 666

11 446, 2411.
1 214

11 673

11 11

11849, 1811.
11 388

11 140, 2411.
11 384

11 129

11 436

 

