111. mnnx 1060111111. 616

(mammas) ' (6111111111)

(Hercul.) 226 1162 (Hercul.) 815-909‘ 1176-78
224111, 1169 ¹ 878 1176
266. 277 1167 · 880 11 77
278 11266 626 1166,2711.
296111. 1167 668“ 1171
616 11266 682 1 169
617111. 1166 998111* 1002111111
629 1164, 24. 66 11 77
636. 646 11 66 1009111. 11610

667 11 74 1020 11 77

460-466 11 18. 66 1069 11182
469 1166 1074 1174
44211111. 1166 1076 1167

451-455· 1162-67 1094 1171
461-469* 1167 , 1101qu 116611. 71

464 1171 ' 1105-1108‘ 1166

466611.’1166.66,1601.269 ῑ llll—1116* 1176
460-466* 11266 1127 sqq. 11 74. 79
460-476 11 68 1169* 11 71
480-484‘ 1166 1 1166-1162. 1166-66
490-496· 1167-66261 Ι 1173qu 11297,911.
661 um . nm nu
496’ 11264,211. 1 1189 1171
614-618· 11 440 1166* 11 64
616-619* 1166 1168111. 1166
620-622* 11 69 1202 11 16
624* 1171 1216-1220 1166
626111. 11 66 , 1228 11 70
661“ 1171 1 1261-1264 1166
⁵87· 1166 1262. 1266 1170

ms 16161· ww 16
648111· 11662711. 1266 1174

ὃω-ων 116 . 161 1ω1
ma nu ¹ affimq 166

667 11 67 1606 sq.t 1166
67411677. 680 1166 1308 11 74
6861111113 1162 ⁴ 1638 sq! 11 166, 1711.
606 1171 = 1660-1664 1171

617* 116164 1 1667 1174
622-666“ 1169 ’ 1676-1686*1171

66011111. 11 17 ! 1662 sq. 1166
662 1171 ι 1696111. 1166
696 1177 1400 1170

vol-⁷05· 11 266-270 1406 11 71
661 a& . uu· 16
726-761· 11 78 , 1426111. 1170
746-764 1176 1 Hippol. 1011161-66 1620, 6611.
771⁸ 11 26011268 66-72* 11 6, 6211.

816 1171 109111. 1161
866 1176 · 161-161* 12021111.

83911. 11 74 - 286 1216, 411.

8461111.ο 11 69 cf. 266 646 11274, 7
862* 1171 · 859sq.⁸ 11226. 264,6

861-866· 1172 668 1427,1611.

864 sqq. 11 77 3 66611. 11 182
872 11 74 804 11 266, 2411.

ms nn ws' nm2

 

