111. INDEX LOGORUM.

(01611166)
(pro Rose. Am.)
22, 63 11337
6666 126
666261 1116
62,160 11329
616666116616 11626
17, 38 11338
pro sest. 3,7 11129 ·
921* 22* 11326 1611 1
20 46 1462,1311.
48,102* 11316
67,122. 68123
174
62, 130 11 4033311. 404
61, 161 11166
61111 6616
pro Sulla 10, 30⁸ 11262
1166166111166
31,88
pro Tullio 6,16
in 76116. sec.
114, 37
21, 60
66, 66*
6166
11, 116
60,166
11 32, 79
111 9, 23*
16,116
66616 1211
1639, 86 11436
66666 1162166·
Ascomns
pro Mil, arg. 62911166616611, Ι
196
63116616. 11, 1*.4,1* 11666
11666, 911.
11,1 11666, 2211. Ι
14, 6· 11666

11 226
11 340

11336
11464,1611.
11339
1462, 1311.
1261 Ι
1217 Ι
11436

11666 1
11261 1

16, 3*172. 11666
18,1* 197
18,3 1261
1666116611 1
19 8* 11129
20,6199
112,1 11336 1
16,1.17,1.3 11666, 911.
11112,3* 11664 Ι
16 7,1 11112
64,1 11666,2211.
4, 2. 4. 17, 366.
11666
11647
1442
11666
11647

61 9,1

9, 3

611 2, 8
’ 3,10*

76616111 opuscul· 11.

609

(6166116)

(ad Att. 611) 13,6 198
11 9, 3 1 97
1111 6, 3 1482, 611.
23, 2 11334
xm 31, 2. 32, 2 11336
32, 3 11334
39, 2 11 336
ad fam. 1 9,19 1166
11 6, 2 1 61
6, 3 11 108, 1611.
10, 2 1221,1011.
111 7, 6 1 166
10, 10*
16 4,1*
6 7,3 =

1 220
1 30
1 166
1 98
1 164

10“, 1
17, 3

611 6, 3* 168
23,1 1166
28, 2 11313
30,1109
33,1’ 1 168 ef. 99
33, 2 1166

6111 1,4*((111611118) 1 168
2,1(611111116) 199

> 11 16,7 11436
x 11, 2. 21, 66116666)

11166
1116,1 160

111 22, 2 1 107

1111 7,1.13,1.32,1

11648

160

1164

197
11364
11340. 360
11 130, 1311.
1380

1 172
11123

11 119
1380
1379
11196

161122
ad Q. 11261. 11 9, 3*
1119,1
11666. pr. 11 12, 38
14, 43
14, 46*
17, 62
17, 63
19, 61
24, 76
27, 88
28, 89*
29, 94*
31,98 11334
34,108 11124
34,111* 11409
36,116.44,136
11334
1214
11333
11332
11333
11349
12, 44 11108
066111161616 11313

39

1166116611 128*
4,13*
4,16*
1, 16
6, 32*

 

