111. INDEX LOCORUM.

(ΡΙΛΤΟ)

(5811111111 .93,9(7991)) 1501
31,93(8036) 1501
35 ,14(8055)· 1496
11,93(81081 1501
ηωωώμωωι
18,95(8191)) 11376
οωωωιω
54,6(811θ) 1503
5011181681* 11365
58,1(8178“1 11376
600010
000ομώο1
ffimffimsm

ῑ nmfflw
ς mmmm
. mmm&
ι smfflm

ι 0οω0

50001οω0,
1100

(μωωμωὴωψω
2 mm=mmm mm

11117517189811) 1199
76,1(8998) 1196
78 1(83011) 11303
swfflm·1w
87 ,7(834ο) 1509
101,4(8118’1 1509
1198181781 1509
11118,1(8538)” 1509
197,8(8578) 1501
131,6(85981 1501
1000701118. 869 6)

1509

00051001

138,90(863ο1 1509
159,18(871ο) 11 911, 99
108 ,17(8788) 11 911,. 99
1709(87981 1195 9011
9009189881 1509
908,7(8908“1* 1199
mwfflw31m
919,4(9058) 1117
919 619058) 1903
99 ,10(9068) 1509
11931,6(“91361 1400
·sswmm·nn
938 ,18(9178) 1509
111 9907095151 11168
wwfflmmoe
318 ,99696101 1503
094 ,90196161 1498
095 ,19196181 11 13
038 1,6(0688) 1509
Lyn. p 69 ,18819018111369
63 97(9048) 11963
64 90 9058) 11389 9711.
04 93 9058 11391
Μ811ο p. 190998 (7“651*
1476
137 90(858) 1491
1109087111 1500
113,95(8981 1500504
1419919081 1500
1100011111 11869

(911151
( (Meno)
;p.umwm
3 1w,mffi

1 500

1 500

Monex.

p. 79108. (9358)
mmm&
mmmm

1506
11383

11 361
11363 ,
11361
11361
11363

11 387
11367
11 368

mmm&

0000

94,3--19,15(698) 11911

ι 91,18513,0(698) 11911

901-5 13,16(698) 11 911. 914

¹ 96,4-19=13,16-14,10(6·20-0)

1 195

1 95,18;11,9(698) 11 911. 914

1
3
3
3

Ι 196,10-197,7 = 51,14-·59, 14

95,25.96‚2=l4,1'3.19(63a)
11911
97,15516,18(618) 1191191934.
91037
98,7ε17,17(018) 11911
98,17--18,6(6411) 183
99,8;·18,90(658) 11919
101,90--τ99,9(660) 181.
11906, un.
103,11ε91,7(67ἀ) 11919
103,15 = 91 ,19(678) 11919. 913, 37
103‚1=7 91,(14078)11919
10111 95,8(685)11919
10610 9715(695)11361
108‚4= -,9911(7061* 1493

110 3‚sq= -31 3,⁰sq. (718)
11919

11015 = 39,11(71ἀ) 11 919
1012010091ηο
1103. 11. 19 = 39, 4. 19. 91
(7111. 7511) 1190
116,91ε40,9(755)* 1488
ηωεοωω1ηο
119,19π13,6(7611)* 1489
119,91--43,19(778) 1496
10οεοηωωηη
191,1--45,6(7711) 11919
(818-111* 11 901
196,91;59,5(808) 11919
197,3.6 -- 59,9.14(8181
11913
197,8--59,15(811)) 184
197,17553,9(818) 11913

 

