(111111011111111)
(Aves) 1111

1271

1111-1111 11111 1

ΠΙ. INDEX LOOORUM.

1 288

1111 ¹

1844-1346 11438

1386

1421-1426. 1481. 1462

-1460
1496
· 1646
1647

11 448

11286
1288
11448
1277

1668-1684 1482

1681
1861. 1868
1111111.
. 871113
180111*
611111*
621
888-843*
876*
764111. >
884-889‘

988111.
1068. 1088
1129

81111182. 7
11-17*
18111. 26
29*
31⁸
86
66
80-88*
86

, 86·

87·
88qu

1 281

1 272

1 270
11 806, 1711,
11 268, 8811.
ΠΜ2Μ6
11 278
11 661

1 274
129011308 Ι
11 291111.
294, 27

nfflzfflm
1276, 1911.
1 277
11 289

11 271 sq.
11 274
11 614
1144211437
1 261, 2811.
11 276
11286-288
1 326

11 276, 811.
11 288, 2011.
11 289, 3711.

97· 11288,2011,11.1326

106
109-111
111⁸

115
146111.ο
147111.

1 826

1 278

1 326

11 442
υἩζΜα
1 278, 8011.

180-162 11 2811437442

226111,ο
217-255·
289. 291
298*

311”

339

11 284

11 277-286
1 440

11 614

1 440

11 278

86811111. 868 11277

> 896111*
400
414111.
446

1274
1268
1262, 1411.
1271

Ι( (41111111111)

(8111111446

, 610

“ 808-610*

11111111. 118

11241

11802

1288
⁷ 11301
1 118
11281
1272
1269
11241
11802

460

611
648111*

111-111*
111-1111
111

111
111111*
111*

111
111-111
111-1111

11166, 8011.
1440
1274
1278-280
741-746’ 11278
749 1277
764111. 1274,1711.11286.
768-768· 1266. 276.
767 1269
769 126911802
774-776 11286
11111· 1111111111
790111* 802. 806. 810111*
1276
816 1467
828-827’ 6282111278
8823 848-860. 869.
8731113881111. 1276
894* 1 198, 8111.
908 11241
909 1276
912-918* 11287
919* 1118
928-926 11298
964 1274,1711.
980 1278
872997 1276
1086* 1118
1088111. 1276
1041 11 272, 2011.
1078 121,711.
1080-1088’ 11 489
109111111. 1276
1116-1110*11809
1186 1276
1199 1278
1200111. 11276
1216 1278
1216 1276
1282 1216
1800-1816’ 1280-282
1807-1809 11288
1282
11881
1281
1282

128 ,
130
183

 

11111111 ·

