(T. stms)
(nvn) 46, 8

111. INDEX LOCORUM.

11 623

, 464111. 3-10 11622

47, 6
61, 7

1111111136*
2212*
27, 6
33, 11. 39, 6*
40, 2*
40, 6*
42, 20
43,1*

1111 6,1. 16
7, 9*

1111141.

21, 10
23, 6
24, 7*
24, 11
27, 2*
28, 8
30, 4
111 3,4
10, 3
30, 7
36, 3
38, 1
40, 6. 8
41, 6
11111 3,1
7, 12
22, 6
42, 6. 6. 3*
44, 4
11111 6, 9
34, 11
40, 8
mm 13,8
18, 12*
20, 10
28, 12
29, 2
36, 16. 38, 9
xxxv 6, 2
10, 9
12, 16
23, 8
24, 3
26, 6
31, 10
36, 16
36, 7
47, 1
60, 9
’ 60,Ιο 11
xxxvl 6, 9
1, 111

1449
11 623
1461, 8311.

1 467
11 123
1 466
1 463
1 467
1 464
1 469
1 466
1 460
8* 1466
1467
1 464
1 462
11 221
1 468
1 464

124, 3211. ·

1 462
1462, 1311.

1217, 2911. 466

1466
1466
1301611.
1464

l

130, 1611. Ι

1 464

11 44

1 462111.
1 361, 1011.
11 44

1 466

1 464

1 466

11 44

130, 1611.
1 28

1 466
1466

1 466
1 466

1111111. ’

126, 2811. Ι

1 29

1 464
1 466
1 463
1464
1 460

126, 2811. =

1461
1464

11111111. ÷

(T. Imus)

(xxm) 8, 2*
9, 8
10, 7
10, 12
12, 2
13, 9
16, 2
20, 6
23, 6
40, 8
41, 2
41, 6
43, 12

mvn 11,6
11, 12
21, 7
23, 6*
23, 0
24, 6
26, 1
32, 1-6
34, 6
41, 6
46, 9

1111111 1,6
7, 6
9, 13*
66, 1

xxm 1,4
48, 6
61, 4

11, 19, 7
31, 9
111 16, 2*
23, 7*
27, 6
1111 3, 6

9, 3
14, 6*
17, 7
19, 3
26, 7*
26, 9*
38, 1
41, 2*
42, 1*
43, 2*
46, 7*
47, 6*
64, 6*
66, 6
67, 12*

13, 1· ,

64, 7*
11111 7, 3

11, 3*

16, 2

1 464
1460

1 464

1 460

1 464

1 26
11 61
11414
1466
1466
11 61
1462. 11 61
1462

1 26, 2811.
1 464

1 460

1 463

1 462

1 464

1 462
1461

1 464

11 238

11 38

1 28
1466

11 190

11 414

1 32

1 29

1 463

11 37

11 46

1 27

1 28

131

1 67
11 160
1466

1 28

1 466

1 26

130, 1611.
1 460

1 24

1 26

1468
1462, 1311.
1 464

1448. 449, 1011.

1 464
1469

1 460
130, 1611.
1 466

1 27

1 29

 

