111. INDEX LocossUM. 625

k

Lucnmns (6110111101)
do 1. nat. (de 1, n. 11)
19 1166, 2611. 310-312* 1166, 38
26 11136 . 818 1144
289 11239 338 11239
443 1171 366 1171
6661011* 1 166 462 1 163
696 1144 468111* 1162
803-811* 1169 627-634’ 1169611117 .
111 1111 111-111* 1111111114
876-877* 1 169 746 sq.¹¹ 1 172
897-903 1169 766-769’ 1222
93310. 11136 788 1148
1067 1 171 888-889* 1 162
1116* 126 1037-1041* 11 46, 86
6910.*106. 186 1167 107410. 1146
118111. 11611166 . 6100111101
973-977* 1172 Alex. 121 11182
1036111. 1210 431* 1271, 1011.
1087-1089* 1167 699 1106, 211.
111 18-22*. (111-7 1* 1166 726 1148
’ 78 1361,1011. 1111 11182
134 1144 6161111111 vide Tibullus
363-868* 1 170 Iasus
888sq. 11239 or. 4, 8. 6, 26 11406
467 1167 8, 8. 16 11886
111 1111 10,1 11111111.
1011111* 1111 101111 111111
1043111* 1298 12, 1. 64 11406
n· 132 1163 13, 19 11392
101111* 11111 11111 11111111.
623 1167 13, 66 11391
111-111* 1111111. 1111 11111
1003111* 1166 19, 44 11662
1166* 1168 30, 6. 313111. 11398
1· 1-3 1210 31,11 11390
206 1 163 32, 23 11 364
111-1111 1110 311 11101
373-376* 1167 34, 11 1816, 1411.
463-466* 1 163 fr. 1, 1. 2711. (in 1111011. 8001. apud
608 1141, 2911. Athen. 11116116. 6126) 11 382
626100. 1171 Ι 1,6 (ibid. 6121. 01. 01111011. do
686 1 166, 6 1100.011111111001111)*11 394
606 1111 1110101101
623-627* 1167 Sat. 118,7 11642
1090 11224 11113,3 11410611.
1106-1116· 1167-169 v 17,1 11410,611.
1260111* 1166 18, 11 11336
1334-1349* 1 170111. 11 1, 42 11244. 2611.
1398·Ι 1404*. 14121113 ' 111 1,16 11642
1168 4011111.01100.,01,111.111.626,21*.
vt 132. 137 1163 661, 36Κ.* 1148
13810. 1466 3111111111
1421461011* 1166 1111311112* 16639
111 1163 111-10* 1111
176-178 1366 111· l, 7 11228
111-111* ,111 1·,1 1111111
281 - 294* 1 104 38 11228

711111110οΜ71 11. 40 “

 

