6&
(Γ. L1vms)

1111122*
w
9, 8*
η21
mv
21,9“
,98
24, 2*
28,3
91
m&
ww
69
mv
91, 8*
11131*
01
ιω
mv
26,1
3m
ωωω*
39, 4*
39114011.
43, 2*
43, 3*
,11111111 1111011611
fr. com. 2 11,* 1111611111 1 222
11. trag. 1611111* (Aiax 1111111181) ι
amm
1016116311. 1. vide Anonymu· de
sublimitate

Lonous
ιν 11, 1*

1116111115
mmm1 nm
1111186 11 496, 2011. ,

Lucmms f
de Alex pseudom. 2111 12, 2696111111

1 441. 449, 1011.
1466. 469
1 461
1 466
1 461. 464
1461
1461
1 464
1 469
1460
130,1611. 2
1468
1 464
1 30
1 461
1 469
1 466
1 460
1 461
1 26
1 31
1 32
1 469
1 69
11 101
1 461

11 666

11612
(de 911101] 11)11281,11 1194
6mmmmffi1m 1
catapl. 3(1326‚30)* 1181 1
41132161* 1186
mmffl*m6
ᾎΜΜἪΜΜΜΙ
mmmm*
1186
2411336911* 1186
’411936 6)* 1186 ¹
ffChar 2111923 30)* 1184 s
(1111111181. 2114614) 198 3011 1
dmmmssmffimw*u6622
(mmmm
mmmm*
1166

ΠΙ. INDEX LOGORUM.

¹ (1111611161)

111191111011111, 3 11366, 23)*
1189

21, 2 11980, 12)*
1186
2231138181* 1 186
(1981,10)*1186
2491138361* 1 184
op. 91111111.9,9411496,31)1211

fugit. 411244 4) 11821884

1611241111* 1183
191,124134) 1211
2811182 ,16) 1211
11 184, 94) 1216

Hermot.

1 de consor. hist. 41 111 3121)*

1206, 1011.
61 (1138, 16) 1211
Iupp. tr. 42 11 161, 96) 1 194

Ι dem.Porogr.10(u93‚29)* 1191

1911194, 22) 1196
11194, 24) 1194
1111196, 21) 1194
1301,1991111194
111199 21) 1482, 611
39,(11101 24)*1 203
41,(1110210) 1220
111134120)1211

131,1941 96) 1421

4011 960, 361 1361, 1011.

Nigrin. 6111300,34)*1·.’11

Ρ11111111, 1181149261 1192

1111110111. 1011219161 1194

piscat 2211219 9911811

11216 6) 1184
(1216161189

111218 ,28) 1189

9811219 ,14)* 1189

4112816 11186

4811· 82 90) 1190

1161111161 2411 14,92) 1193

1118191111] 10 11419 4011194

navig.

’ ογ111.10(11019,94) 1191

1120 22 11191611.
somn. 2113, 23) 11369
111111134112381811190
Tim. 66111406, 161 1290

¹ 1111.11ἰε1.1111149,2) 11616

vit. 111161. 111266, 12) 142914
mmffiw*
1181
91126961* 1186
1wmwmffi
11 (1266‚36)* 1188
πωμωηΜ

1116111111
mmmmm? ml

69611111. 1112111111.) 1986

 

