(81111111)

ΠΙ. INDEX Locosstm.

(l. 1. v.) Παρμενίδης(11 2, 128)’

178

περιχαὶνω(112,238) 11 489
ὁᾷόν τις (ιι 2,898) 11 398

8111111111
op. 6·

Τ111111
Agr. 28,8
ann. 1169
111 19
ιν 64‘

dial. 2, mich.
3, 4-13’
3, 13⁸
6, 16—24·
4, 8
8, 12-22’
8, 20
7, 10
7, 18-17’
8, 26
10, 31-39·
10, 39-43·
ll, 18-21·
12, 4
12, 17·
12, 17-22’
13, ³qu
18, 7-10·
13, 8·
13, 28-81*
14, 9
14, 14⁸
18, 3-8
18, 12-20’
16, 17-19
16, 22-28’
16, 88*
18
18, 1-8*
18, 8-10
18, 22-81’
18, 27
19, 1-7’
19, 8
19, 8
21
21, 1-8’
21, 12
21, 40
22, 11-16·
22, 1⁶·
23, 12‘
28, 16
28, 9-11’
28, 16

vomani opuscul· 11.

1216, 29

ι 180

11111111. '

1 92
11828, 1411.
1 78

1 62

1 148, 8211.
ι 63

ιι 184, 86 “

168
1 182
ι 73
ι 182
ι 146
168
ι 149
169
ι148
ι 72
1 140
ι 78
ι 78
ιι 409
ι 68
170
1148, 3211.
1 70
164
ι 78
178
167
ι 78, 31
166
ι 69
168
1 146
174
1 148
ι 78
164
ι 183
1212
1148
172
1144

1111111. *

1148
169
1146

( (Τ1111111)
(dial.) 1111-11· 111
1111 1111
28, 36-40* ι 66
1111-11 111
26, lb* 1 144
26, 17 1 78
1111-11· 111
27, 9* 1 78
28* 1 181
28, 30 1 149
, 29* 1 181
“ 29, 8* 1 148
1111 1111111111
30, 8* ι 180
111· 1111
81, 2 1 148
1111 1111
32, 16* 11 239, 38

82, 34. 33, 1. 18 1182
88, 18 169
88, 28· 1 149

1 111* 111111.
1111· 1111 ef. 11
Ι 111 1111
1111 111

36, 31—33‘ 166
86, 88 1148
87, 37-48* 1147. 148, 32
88,1-8* 167
8118* 1148
88, 21-28’ 1 146
40, 6’ 173
1 40, 22-24 ι78
ξΤ11111111111
’ Adelph.prol.10(10)· 198
11 2, 81 (289) ι 222
1114, 1 (447)11. 11 486
8,12(866)1(1. 11487
Ι 1118,67(701) · 11226
) 7, 31 (749) 11 888
1 v 7, 8 (908) 11 226
) 11111. 11, 11-111 (111-1111·
¹ 11419. 424
1 1, 109 (136) 1221
Ι 2,4(178) 187
) 2, 80 (201) 1217, 2911.
11 2, 18 (882) ιι 27, 2811.
4,7(410) 11408
, 11 8, 10 (808) 1478
“ Eun. prol. 13(18) 11416
) 11,1-1(11-11)’1111.
) 2112411169
1,10(88) 1221
1, 19-24 (64-69)*
1218-221
2, 84 (114) sq? 11 848, 811.
2,79(189).98(178)’ 1 221

41

 

