7111011154
buc. 155
77
111 84
ιν 1-3
ν 5115.
11 1-12’
11111 1-4
1-13*
14-10*
17-20’
211111*
12-511·
45
51-01*
59
02-67
65-70
681113
04-109*

108

11 19
23
26
48

x 2⁸q.
45. 65

georg. 1 inf

104-110·
230
502-514

11 4411.

ιιι 193811*
486

ιν 221 --223

Aen. 1 414

580-593*
743

ιι 67
771111.ι
86111.
101-103*
274
361111.
459
508. 533, 065
003
689-691*

ιιι 59
69111.
104. 149
253’
1616
270, 308
356

ιν 76. 204
220

ΠΙ. „mnnx LOCORUM.

' (0115511151)

11253
11136,1711. ·
1391, ¹
1391
11536385. ¹
1391
11535
Ι1386-602 ’
1392-394
1303111.
11527
11526. 542, 38 ;
υωῇὣη
11539-543
1394
1393
1337
11527
1395-400. 2
ιι 447. 543111,
1160,5
11136,1711.
1177,9
1332
1164,111.
1330,30
11541
1387
1331
11541
1347
11573
1180
11541
11116
1143,4ιι.
11139
11116
11541
1110
1130
1104
1111,18
lwmwm
131;5‚17n.
11541
1178
1110
1143,411.
1178
11541
1179
1173
11541
1178
11541
14202511.

(Aen. w)
223*
277 .
3371111.
388. 620
657 sq.
663
v 50

191-1119*
211*
286-290
288. 290
545-547
772

v! 30-32
212-228
283111.
309
339. 342’
459
507
551
724-729
842 sq.
878

vu 109-111*
270-272*
296
36310.
372. 577
585-569*
685111.
810

vm 11
38-40*
78
116-118'
207

1 180
11541

1118
11541

ιι 244, 2511.
11541

1179
ιι 430

1 179

1 105
ιι 541

ιι 30, 3111.
1 180
1219

ιι 494

1166

ι 450
11541
1357, 1511.
1351, 1011.
1166

ιι 116

1 120, 3
1353, 30
11429

1 110
11541

1364
11541

11 102, 3011.
11536
11541
11241

1 118

1 110
11252

1 150

3221111. 357111, 11115

42311111.

696³. 707*
,111 264

318

11116
1170
1364
1178

337 339* 1303. 11 201, 27

425
545
644-545
654

x 132-137*
330
015
6118-6911*
760.763
886

ιιι 30-33
45
115

1382
11541

1130, 3111.
11541

11 192. 3011.

“ 11111911.

1420, 2511.
11201
[11141
1355, 1711.
1131

11247
1365, 1711.

 

